Card   1: 87 75 80 68 71 57 58 59 70 48 | 56 67 75 76 31 49 48 22 43 68 98 86 70 91 27 46  4 87 72 37 71 58 29 79 80
Card   2: 95 97 90 91 79 71 60 87 46 80 | 28 90 55 87 82 34 44 96 77 15 22 63 31 33  5 99 36 91 17 10 64 59 68 37 13
Card   3: 23 73 50 78 93 30 56 10  8 64 | 61 48 87 46 12 75 92 37 62 45 24 81 79 55 76 82  9  1 16 72 13 27 41 86 19
Card   4: 16 50 13 24 94 27 74 58 15 53 | 58 53 20 57 69 28 47  2 41  4 66 61 15 44 24 68 50 74 86 45 36 73 43 27 91
Card   5: 39 53 29 10 84 22 83  4  5 32 | 50 28 45  5  6 65 18  7 92 83  3 55 81 26 80 39 44 60 90 37 91 36 54 14 74
Card   6: 84 12 96 93 72 97 91 76  7 82 | 85 15 29 33 37 60 14 30 63 73 38 62 77 44 86 39 51  2 99 75 70 36 32 98 78
Card   7: 78 12  1 50 48 62 33  8 83 99 | 12 50 79 48 59 81 26 14  5 11 37  8 36 91 95 20 46 44 21 32 58 93 53 90 54
Card   8: 55 58  8 36 16 23 88 73 45 65 | 19 10 34 64 52 27 75 22 33 58 74 45 16 11 63 56 12 14  8 25 59  4 95 47 78
Card   9: 95 14 83 17  7 69 44 31 45 37 |  2 69 81 39 76 86 29 73 72 32 67  5  9 16 95 90 36 27 88 55 61  6 37 79  1
Card  10: 24 83 98 76 87  6 32 59  4 96 | 54  5 68 85 76 50 60 33 58 32 88 61 27 55 90 65 93 13 53 29 44 15  6 45 24
